0.0	65231
0.005	65487
0.01	65535
0.015	65423
0.02	65327
0.025	65391
0.03	65375
0.035	65263
0.04	65311
0.045	65231
0.05	65311
0.055	65359
0.06	65343
0.065	65423
0.07	65535
0.075	65423
0.08	65343
0.085	65535
0.09	65359
0.095	65471
0.09999999	65535
0.105	65423
0.11	65295
0.115	65311
0.12	65247
0.125	65279
0.13	65535
0.135	65391
0.14	65455
0.145	65503
0.15	65455
0.155	65535
0.16	65471
0.165	65375
0.17	65455
0.175	65359
0.18	65343
0.185	65359
0.19	65455
0.195	65423
0.2	65343
0.205	65375
0.21	65263
0.215	65359
0.22	65343
0.225	65327
0.23	65407
0.235	65327
0.24	65263
0.245	65263
0.25	65535
0.255	65343
0.26	65423
0.265	65455
0.27	65503
0.275	65535
0.28	65535
0.285	65455
0.29	65343
0.295	65375
0.3	65439
0.305	65263
0.31	65311
0.315	65375
0.32	65439
0.325	65375
0.33	65423
0.335	65439
0.34	65295
0.345	65359
0.35	65231
0.355	65423
0.36	65263
0.365	65471
0.37	65359
0.375	65535
0.38	65375
0.385	65391
0.39	65343
0.395	65311
0.4	65471
0.405	65455
0.41	65343
0.415	65359
0.42	65535
0.425	65471
0.43	65503
0.435	65423
0.44	65311
0.445	65327
0.45	65311
0.455	65503
0.46	65391
0.465	65327
0.47	65295
0.475	65423
0.48	65487
0.485	65263
0.49	65359
0.495	65487
0.5	65535
0.505	65455
0.51	65487
0.515	65487
0.52	65535
0.525	65535
0.53	65167
0.5349999	65535
0.54	65519
0.545	65391
0.55	65295
0.555	65295
0.56	65327
0.565	65487
0.57	65279
0.575	65375
0.58	65263
0.585	65487
0.59	65519
0.595	65455
0.6	65167
0.605	65439
0.61	65391
0.615	65359
0.62	65375
0.625	65391
0.63	65183
0.635	65247
0.64	65375
0.645	65327
0.65	65311
0.655	65519
0.6599999	65359
0.665	65503
0.67	65407
0.675	65471
0.68	65391
0.685	65231
0.69	65247
0.695	65279
0.7	65455
0.705	65375
0.71	65215
0.715	65375
0.72	65391
0.725	65487
0.73	65247
0.7349999	65439
0.74	65247
0.745	65423
0.75	65327
0.755	65375
0.76	65455
0.765	65391
0.77	65439
0.775	65295
0.78	65279
0.7849999	65327
0.79	65359
0.795	65423
0.8	65535
0.805	65311
0.81	65343
0.815	65327
0.82	65327
0.825	65263
0.83	65327
0.8349999	65311
0.84	65359
0.845	65263
0.85	65391
0.8549999	65295
0.8599999	65359
0.865	65455
0.87	65535
0.875	65231
0.88	65535
0.885	65455
0.89	65375
0.895	65263
0.9	65311
0.9049999	65359
0.9099999	65327
0.915	65343
0.92	65471
0.925	65439
0.93	65391
0.935	65471
0.94	65471
0.945	2480
0.95	65471
0.955	65487
0.9599999	65503
0.965	65311
0.97	65455
0.975	65391
0.9799999	65391
0.9849999	65503
0.99	65423
0.995	65375
1.0	65423
1.005	65279
1.01	2400
1.015	65471
1.02	65199
1.025	65535
1.03	65487
1.035	65423
1.04	65375
1.045	65535
1.05	65519
1.055	65311
1.06	65359
1.065	65263
1.07	65455
1.075	65423
1.08	65375
1.085	65439
1.09	65503
1.095	65263
1.1	65439
1.105	65439
1.11	65263
1.115	65343
1.12	65247
1.125	65455
1.13	65535
1.135	65263
1.14	65519
1.145	65423
1.15	65455
1.155	65311
1.16	65359
1.165	65439
1.17	65455
1.175	65439
1.18	65471
1.185	65327
1.19	65343
1.195	65263
1.2	65247
1.205	65375
1.21	65455
1.215	65375
1.22	65439
1.225	65359
1.23	65215
1.235	65391
1.24	65391
1.245	65487
1.25	65503
1.255	65519
1.26	65359
1.265	65455
1.27	65423
1.275	65359
1.28	65359
1.285	65455
1.29	65535
1.295	65359
1.3	65343
1.305	65535
1.31	65263
1.315	65471
1.32	65535
1.325	65391
1.33	65439
1.335	65455
1.34	65263
1.345	65535
1.35	65295
1.355	65215
1.36	65359
1.365	65391
1.37	65359
1.375	65423
1.38	65311
1.385	65391
1.39	65231
1.395	65311
1.4	65535
1.405	65359
1.41	65247
1.415	65535
1.42	65455
1.425	65279
1.43	65535
1.435	65439
1.44	65247
1.445	65263
1.45	65471
1.455	65343
1.46	65375
1.465	65327
1.47	65263
1.475	65391
1.48	65423
1.485	65295
1.49	65439
1.495	65311
1.5	65471
1.505	65295
1.51	65439
1.515	65423
1.52	65375
1.525	65311
1.53	65487
1.535	65343
1.54	65375
1.545	65311
1.55	65295
1.555	65279
1.56	65455
1.565	65359
1.57	65359
1.575	65391
1.58	65247
1.585	65327
1.59	65439
1.595	65471
1.6	65359
1.605	65439
1.61	65263
1.615	65359
1.62	65455
1.625	65407
1.63	65487
1.635	65327
1.64	65391
1.645	65263
1.65	65343
1.655	65487
1.66	65455
1.665	65487
1.67	65087
1.675	65199
1.68	65535
1.685	65279
1.69	65247
1.695	65375
1.7	65247
1.705	65311
1.71	65279
1.715	65375
1.72	65423
1.725	65487
1.73	65535
1.735	65295
1.74	65455
1.745	65423
1.75	65263
1.755	65423
1.76	65487
1.765	65391
1.77	65423
1.775	65391
1.78	2368
1.785	2480
1.79	65503
1.795	65503
1.8	65535
1.805	65247
1.81	65423
1.815	65535
1.82	65279
1.825	65247
1.83	65407
1.835	65519
1.84	65263
1.845	65231
1.85	65295
1.855	65423
1.86	65487
1.865	65535
1.87	65359
1.875	65359
1.88	65247
1.885	65359
1.89	65455
1.895	65311
1.9	65311
1.905	65487
1.91	65503
1.915	65359
1.92	65231
1.925	65471
1.93	65247
1.935	65535
1.94	65519
1.945	2480
1.95	2464
1.955	65359
1.96	65375
1.965	65311
1.97	65439
1.975	65487
1.98	65311
1.985	65535
1.99	65311
1.995	65407
2.0	65359
2.005	65519
2.01	65247
2.015	65247
2.02	65343
2.025	65327
2.03	65295
2.035	65503
2.04	65487
2.045	65231
2.05	65375
2.055	65391
2.06	65311
2.065	65535
2.07	65535
2.075	65487
2.08	65455
2.085	65423
2.09	65487
2.095	65487
2.1	65359
2.105	65343
2.11	65503
2.115	65487
2.12	65247
2.125	65247
2.13	65439
2.135	65439
2.14	65455
2.145	65439
2.15	65535
2.155	65471
2.16	65375
2.165	65263
2.17	65247
2.175	65519
2.18	65343
2.185	65455
2.19	65423
2.195	65455
2.2	65503
2.205	65535
2.21	65391
2.215	65391
2.22	65519
2.225	65247
2.23	65375
2.235	65263
2.24	65503
2.245	65343
2.25	65503
2.255	65183
2.26	65455
2.265	65231
2.27	65487
2.275	65503
2.28	65535
2.285	65135
2.29	65487
2.295	65263
2.3	65263
2.305	2480
2.31	2528
2.315	2464
2.32	2560
2.325	2496
2.33	65343
2.335	65375
2.34	65471
2.345	65423
2.35	65439
2.355	65311
2.36	65455
2.365	65375
2.37	65439
2.375	65295
2.38	65535
2.385	65279
2.39	65439
2.395	65503
2.4	65263
2.405	65263
2.41	65343
2.415	65439
2.42	65487
2.425	65391
2.43	65439
2.435	65247
2.44	65439
2.445	65247
2.45	65503
2.455	65327
2.46	65375
2.465	65295
2.47	65423
2.475	65423
2.48	65263
2.485	65327
2.49	65471
2.495	65391
2.5	65471
2.505	65455
2.51	65263
2.515	65359
2.52	65535
2.525	65535
2.53	65439
2.535	65535
2.54	65391
2.545	65295
2.55	65375
2.555	65535
2.56	65343
2.565	65359
2.57	65455
2.575	65471
2.58	65231
2.585	65519
2.59	65231
2.595	65535
2.6	65295
2.605	65423
2.61	65455
2.615	65455
2.62	65391
2.625	65247
2.63	65231
2.635	65391
2.64	65439
2.645	65391
2.65	65311
2.655	65535
2.66	65423
2.665	65471
2.67	65359
2.675	65375
2.68	65327
2.685	65535
2.69	65327
2.695	65295
2.7	65535
2.705	65407
2.71	65407
2.715	65359
2.72	65439
2.725	65423
2.73	65375
2.735	65375
2.74	65263
2.745	65359
2.75	65263
2.755	65391
2.76	65231
2.765	65343
2.77	65535
2.775	65311
2.78	65535
2.785	65535
2.79	65423
2.795	65295
2.8	65327
2.805	65375
2.81	65439
2.815	65439
2.82	65311
2.825	65455
2.83	65375
2.835	65375
2.84	2544
2.845	65359
2.85	65263
2.855	65439
2.86	65391
2.865	65311
2.87	65343
2.875	65375
2.88	65343
2.885	65423
2.89	65247
2.895	65327
2.9	65487
2.905	65327
2.91	65439
2.915	65231
2.92	65455
2.925	65247
2.93	65327
2.935	65375
2.94	2496
2.945	65375
2.95	65231
2.955	65439
2.96	65519
2.965	65327
2.97	65423
2.975	65455
2.98	65327
2.985	65311
2.99	65455
2.995	65471
3.0	65535
3.005	65423
3.01	65519
3.015	65295
3.02	65247
3.025	65471
3.03	65535
3.035	64783
3.04	65311
3.045	2480
3.05	2496
3.055	65295
3.06	65439
3.065	65135
3.07	65455
3.075	65231
3.08	65423
3.085	65439
3.09	65295
3.095	65247
3.1	65535
3.105	65471
3.11	65295
3.115	65295
3.12	65343
3.125	65199
3.13	65263
3.135	65263
3.14	65295
3.145	65295
3.15	65423
3.155	65391
3.16	65215
3.165	65327
3.17	65199
3.175	65247
3.18	65359
3.185	65215
3.19	65295
3.195	65231
3.2	65231
3.205	65263
3.21	65295
3.215	65199
3.22	65327
3.225	65311
3.23	65247
3.235	65311
3.24	65231
3.245	65263
3.25	65231
3.255	65311
3.26	65231
3.265	65295
3.27	65167
3.275	65263
3.28	65279
3.285	65439
3.29	65423
3.295	65215
3.3	65359
3.305	65327
3.31	65247
3.315	65183
3.32	65247
3.325	65391
3.33	65375
3.335	65391
3.34	65199
3.345	65247
3.35	65343
3.355	65359
3.36	65247
3.365	65343
3.37	65359
3.375	65247
3.38	65311
3.385	65231
3.39	65263
3.395	65343
3.4	65263
3.405	65359
3.41	65247
3.415	65327
3.42	65247
3.425	65359
3.43	65343
3.435	65199
3.44	65311
3.445	65215
3.45	65263
3.455	65295
3.46	65375
3.465	65279
3.47	65151
3.475	65327
3.48	65311
3.485	65343
3.49	65199
3.495	65343
3.5	65263
3.505	65295
3.51	65183
3.515	65279
3.52	65247
3.525	65247
3.53	65295
3.535	65263
3.54	65263
3.545	65279
3.55	65263
3.555	65247
3.56	65199
3.565	65375
3.57	65279
3.575	65199
3.58	65295
3.585	65295
3.59	65295
3.595	65359
3.6	65343
3.605	65247
3.61	65311
3.615	65263
3.62	65263
3.625	65215
3.63	65263
3.635	65263
3.64	65247
3.645	65247
3.65	65295
3.655	65327
3.66	65231
3.665	65295
3.67	65231
3.675	65391
3.68	65247
3.685	65263
3.69	65487
3.695	65343
3.7	65183
3.705	65295
3.71	65247
3.715	65199
3.72	65263
3.725	65311
3.73	65215
3.735	65215
3.74	65295
3.745	65263
3.75	65263
3.755	65199
3.76	65311
3.765	65343
3.77	65247
3.775	65279
3.78	65391
3.785	2464
3.79	2464
3.795	2448
3.8	2464
3.805	2496
3.81	2464
3.815	2480
3.82	2512
3.825	2464
3.83	2496
3.835	2480
3.84	2512
3.845	2384
3.85	2432
3.855	2464
3.86	2464
3.865	2464
3.87	2448
3.875	2528
3.88	2544
3.885	2480
3.89	2480
3.895	2400
3.9	2464
3.905	2480
3.91	2464
3.915	2496
3.92	2608
3.925	2448
3.93	2496
3.935	2464
3.94	2528
3.945	2400
3.95	2432
3.955	2464
3.96	2432
3.965	2480
3.97	2400
3.975	2496
3.98	2432
3.985	2528
3.99	2640
3.995	2464
4.0	2448
4.005	2432
4.01	2432
4.015	2496
4.02	2480
4.025	2464
4.03	2496
4.035	2416
4.04	2448
4.045	2384
4.05	2464
4.055	2448
4.06	2368
4.065	2480
4.07	2432
4.075	65231
4.08	65439
4.085	65343
4.09	65295
4.095	65327
4.1	65231
4.105	65375
4.11	65311
4.115	65231
4.12	65327
4.125	65295
4.13	65311
4.135	65231
4.14	65247
4.145	65247
4.15	65327
4.155	65167
4.16	65231
4.165	65279
4.17	65231
4.175	65359
4.18	65183
4.185	65263
4.19	65167
4.195	65183
4.2	65327
4.205	65231
4.21	65295
4.215	65231
4.22	65167
4.225	65295
4.23	65215
4.235	65247
4.24	65263
4.245	2448
4.25	65311
4.255	65311
4.26	65295
4.265	65295
4.27	65279
4.275	65215
4.28	65231
4.285	65327
4.29	65231
4.295	65311
4.3	65247
4.305	65359
4.31	65343
4.315	65199
4.32	65295
4.325	65231
4.33	65375
4.335	65247
4.34	65247
4.345	65263
4.35	65327
4.355	65279
4.36	65199
4.365	65311
4.37	2496
4.375	65311
4.38	65327
4.385	65391
4.39	65311
4.395	65359
4.4	65263
4.405	65327
4.41	65295
4.415	65263
4.42	65231
4.425	65263
4.43	65311
4.435	65263
4.44	65327
4.445	65135
4.45	65231
4.455	65199
4.46	65391
4.465	65263
4.47	65263
4.475	65215
4.48	65247
4.485	65375
4.49	65247
4.495	65247
4.5	65263
4.505	65359
4.51	65263
4.515	65295
4.52	65295
4.525	2480
4.53	2528
4.535	65279
4.54	65375
4.545	65263
4.55	65263
4.555	65231
4.56	65215
4.565	65199
4.57	65247
4.575	65359
4.58	65167
4.585	65215
4.59	65247
4.595	65199
4.6	65391
4.605	65295
4.61	65311
4.615	65279
4.62	65343
4.625	65247
4.63	65311
4.635	65311
4.64	65215
4.645	65295
4.65	65375
4.655	65263
4.66	65263
4.665	65311
4.67	65231
4.675	65343
4.68	65295
4.685	65279
4.69	65247
4.695	65231
4.7	65215
4.705	65359
4.71	65215
4.715	65279
4.72	65231
4.725	65263
4.73	65375
4.735	65231
4.74	65247
4.745	65311
4.75	65215
4.755	65343
4.76	65391
4.765	65343
4.77	65295
4.775	65327
4.78	65247
4.785	65295
4.79	65295
4.795	65295
4.8	2480
4.805	2400
4.81	2576
4.815	2384
4.82	2464
4.825	2480
4.83	2464
4.835	2448
4.84	2432
4.845	2464
4.85	2464
4.855	2480
4.86	2400
4.865	2464
4.87	2480
4.875	2464
4.88	2384
4.885	2496
4.89	2464
4.895	2480
4.9	2480
4.905	2400
4.91	2480
4.915	2464
4.92	2480
4.925	2400
4.93	2400
4.935	2544
4.94	2512
4.945	2368
4.95	2480
4.955	2400
4.96	2592
4.965	2448
4.97	2448
4.975	2432
4.98	2512
4.985	2432
4.99	2560
4.995	65327
